1 : 00 p.m.	TIM	8	1101162966023	1101163128665	1101163794622	1101163268260	1101163477932	1101163444463	1101163922264	1101162981210
1 : 15 p.m.	TIM	1	1101162453889
1 : 30 p.m.	TIM	11	1101162966023	1101162488733	1101163128665	1101163477635	1101163794622	1101163268260	1101163477932	1101162504873	1101163574541	1101162981210	1101242586149
1 : 45 p.m.	TIM	1	1101162769191
1 : 50 a.m.	TIM	1	1101163308025
1 a.m.	TIM	1	1101163702824
1 p.m.	TIM	39	1101162490436	1101162488733	1101163477635	1101163686136	1101162452451	1101243074777	1101163110696	1101163045774	1101163072805	1101243249263	1101242766682	1101163852388	1101243052809	1101163268541	1101163340900	1101163390072	1101163444463	1101163706824	1101163145259	1101163289088	1101243184169	1101163574010	1101163044539	1101162805067	1101162642047	1101163390822	1101163340400	1101242679416	1101163595994	1101163357229	1101242614103	1101162505686	1101163614026	1101243512311	1101162769722	1101163234416	1101243072871	1101242586149	1101242385820
1-3 p.m.	TIM	1	1101163725871
10 : 15 a.m.	TIM	1	1101163574541
10 : 15 p.m.	TIM	3	1101163110696	1101162881756	1101163198369
10 : 30 a.m.	TIM	26	1101163251916	1101242986089	1101162623937	1101163128665	1101163268260	1101163390072	1101163794622	1101163444463	1101163922264	1101163198369	1101162981210	1101163461088	1101162691376	1101162966023	1101162642047	1101163215807	1101163390822	1101163477932	1101162769191	1101242962308	1101243577468	1101163324807	1101243423748	1101242497446	1101162881756	1101243072871
10 : 30 p.m.	TIM	2	1101242473945	1101162948382
10 : 50 a.m.	TIM	1	1101162769191
10 a.m.	TIM	70	1101162490436	1101163073040	1101163686136	1101243074777	1101163110696	1101163045774	1101163072805	1101163427463	1101163268541	1101163128665	1101163340900	1101163023617	1101163922264	1101163145259	1101162948101	1101162981210	1101163614291	1101243160012	1101242385289	1101163162978	1101162691376	1101162966023	1101163574010	1101163044539	1101162805067	1101163390822	1101163833669	1101163340400	1101163497416	1101163614526	1101163595994	1101163702824	1101163197385	1101243577468	1101162805535	1101163574775	1101163574541	1101163594994	1101243512311	1101162863724	1101163611869	1101243533312	1101242385820	1101162488733	1101163477635	1101163251916	1101242766682	1101163852388	1101242496946	1101163775825	1101163794622	1101163268260	1101243446514	1101163180447	1101242452711	1101163021070	1101163504322	1101243532358	1101162642047	1101162881272	1101163477932	1101163162010	1101242679416	1101243555624	1101242962308	1101162981445	1101163357697	1101163234416	1101162541326	1101242586149
10 a.m. Monday morning	TIM	1	1101243445780
10 a.m. Saturday morning	TIM	1	1101163073040
10 p.m.	TIM	7	1101163110696	1101162642656	1101162862990	1101163145259	1101163215025	1101162881756	1101163198369
10-11 : 30 a.m.	TIM	1	1101163725871
11 : 30 a.m.	TIM	15	1101162966023	1101163477932	1101163110696	1101243445780	1101162624171	1101163477338	1101163128665	1101243423748	1101163324807	1101163268260	1101163794622	1101163145259	1101163289088	1101163922264	1101162981210
11 : 30 p.m.	TIM	1	1101242808932
11 a.m.	TIM	34	1101242452461	1101163477635	1101162452451	1101163110696	1101163072805	1101163852388	1101243052809	1101163612135	1101242962792	1101163427463	1101163775825	1101163179932	1101163044805	1101163461322	1101243030246	1101163340900	1101163444463	1101162862990	1101163145259	1101243160012	1101162642047	1101163215807	1101163074212	1101163340400	1101163497416	1101163215525	1101242679416	1101242635447	1101162981445	1101243423748	1101163324807	1101243182966	1101163215025	1101243533312
11 p.m.	TIM	5	1101163023617	1101163110696	1101162489201	1101163614026	1101242808932
12 : 30 p.m.	TIM	3	1101163289088	1101163574541	1101242986089
12 p.m.	TIM	1	1101162948382
2 : 15 p.m.	TIM	1	1101163611869
2 : 30 p.m.	TIM	6	1101162862771	1101162505686	1101163145259	1101163072805	1101163614026	1101163851779
2 a.m.	TIM	1	1101242518821
2 a.m. Sunday morning	TIM	1	1101163214197
2 p.m.	TIM	40	1101162490436	1101163574307	1101163073040	1101163429135	1101242766682	1101243052809	1101242496946	1101163427463	1101163044805	1101163128665	1101163268260	1101163390072	1101243446514	1101162862990	1101163180447	1101163289088	1101162981210	1101163198369	1101243160012	1101163021070	1101162691376	1101163574010	1101162966023	1101162523405	1101163215807	1101163390822	1101163477932	1101163162010	1101163287775	1101163045071	1101243423748	1101162805535	1101162504873	1101163424838	1101163758902	1101242498164	1101163611869	1101242385820	1101163725871	1101163358291
3 : 30 a.m.	TIM	1	1101242808932
3 : 30 p.m.	TIM	11	1101163939436	1101163520510	1101163073040	1101242787244	1101242767400	1101163424838	1101163729136	1101163198369	1101163702824	1101163611869	1101162691376
3 : 36 a.m.	TIM	1	1101163921248
3 a.m.	TIM	2	1101163109228	1101243030012
3 p.m.	TIM	32	1101162539889	1101163636385	1101162433811	1101163477338	1101163268541	1101163128665	1101163461322	1101162862771	1101163794622	1101163023617	1101163268260	1101162862990	1101163922264	1101163145259	1101162981210	1101162691376	1101163162978	1101162966023	1101163215807	1101163477932	1101162709236	1101163851779	1101242635447	1101162769191	1101163197385	1101162981445	1101162505686	1101163574775	1101163611869	1101162863724	1101162769722	1101243072871
3-8 p.m.	TIM	1	1101163725871
30-11 : 30 a.m.	TIM	8	1101162966023	1101163128665	1101163794622	1101163268260	1101163477932	1101163922264	1101162981210	1101163725871
4 : 30 a.m.	TIM	1	1101163443494
4 : 30 p.m.	TIM	4	1101243030246	1101162805535	1101163429135	1101163795590
4 a.m.	TIM	1	1101243074777
4 p.m.	TIM	21	1101162488733	1101162642047	1101163686136	1101163110696	1101162505920	1101163251916	1101242656634	1101163519041	1101163637713	1101162981445	1101163410072	1101163775309	1101163023617	1101162862990	1101163424838	1101243182966	1101163574541	1101162881756	1101162541326	1101162539420	1101162691376
5 : 30 p.m.	TIM	9	1101242451711	1101162606983	1101163180447	1101242429430	1101163424838	1101242636712	1101243380483	1101163289557	1101242431383
5 : 31 PM	TIM	1	1101163145009
5 : 45 p.m.	TIM	1	1101163614026
5 a.m.	TIM	3	1101163905029	1101242614103	1101163443494
5 p.m.	TIM	41	1101163574307	1101163477635	1101243074777	1101163110696	1101163429135	1101162539889	1101163110196	1101163072805	1101163427463	1101242810619	1101163775825	1101162624171	1101163268541	1101163461322	1101243030246	1101163655636	1101243446514	1101162808754	1101163289088	1101163307182	1101162948101	1101163288572	1101162691376	1101163834872	1101162642047	1101163833669	1101163146822	1101162540358	1101163497416	1101162413930	1101242679416	1101163287775	1101162981445	1101162948382	1101162805535	1101163424838	1101163574541	1101162769722	1101243533312	1101243512030	1101242586149
5 p.m. last Friday afternoon	TIM	1	1101163462307
6 : 10 p.m.	TIM	1	1101242431383
6 : 30	TIM	2	1101163180447	1101162881756
6 : 30 a.m.	TIM	13	1101162966023	1101163477932	1101163427463	1101242810619	1101163323072	1101163128665	1101163268260	1101163794622	1101163045305	1101163922264	1101162981210	1101163234416	1101163460854
6 : 30 p.m.	TIM	24	1101162966023	1101163073040	1101163477932	1101163215525	1101163702824	1101163595994	1101162469201	1101162807895	1101162981445	1101163001789	1101163128665	1101243423748	1101163794622	1101163268260	1101163023617	1101242808401	1101163045305	1101163922264	1101163289088	1101163145259	1101162981210	1101163273119	1101162539655	1101163234416
6 : 40 p.m.	TIM	1	1101163215025
6 : 45 a.m.	TIM	7	1101162966023	1101163128665	1101163794622	1101163268260	1101163477932	1101163922264	1101162981210
6 : 45 p.m.	TIM	5	1101243029230	1101163179697	1101163074212	1101243007918	1101243272357
6 a.m.	TIM	2	1101162948382	1101163445432
6 p.m.	TIM	70	1101162490436	1101242612790	1101162452451	1101163686136	1101243074777	1101163110696	1101163045774	1101162539889	1101243228107	1101162433811	1101163427463	1101242564821	1101242876979	1101242635212	1101163268541	1101163128665	1101163023617	1101162862990	1101163922264	1101163145259	1101163341150	1101162981210	1101163198369	1101243160012	1101163162978	1101162966023	1101163574010	1101163044539	1101163390822	1101163833669	1101163497416	1101242474461	1101163702824	1101243577468	1101162805535	1101163357229	1101162788441	1101163424838	1101163574541	1101163289807	1101163594994	1101162769722	1101162965023	1101163611869	1101243533312	1101243315607	1101163574307	1101163852029	1101242766682	1101163852388	1101163775825	1101163794622	1101163268260	1101162966523	1101162606983	1101162786926	1101163180447	1101162642047	1101162787676	1101163477932	1101163163213	1101242679416	1101162981445	1101242474695	1101163215025	1101163234416	1101163373682	1101163460854	1101243270826	1101242586149
6-7 : 30 p.m.	TIM	7	1101162966023	1101163128665	1101163794622	1101163268260	1101163477932	1101163922264	1101162981210
7 : 15 p.m.	TIM	8	1101162966023	1101163128665	1101163794622	1101163268260	1101163477932	1101163922264	1101163614026	1101162981210
7 : 30 a.m.	TIM	4	1101162862771	1101163197854	1101162433811	1101163323072
7 : 30 p.m.	TIM	28	1101163073040	1101163686136	1101243007918	1101163375119	1101163477338	1101163128665	1101163461322	1101163268260	1101163794622	1101162862990	1101163289088	1101163922264	1101163729136	1101163198369	1101162981210	1101163289557	1101162691376	1101162966023	1101163477932	1101163833669	1101163287775	1101163851779	1101162708267	1101243029230	1101243556046	1101242498164	1101163611869	1101163725871
7 : 45	TIM	1	1101242809166
7 a.m.	TIM	12	1101162966023	1101163128665	1101163794622	1101163268260	1101163477932	1101162540358	1101163922264	1101162981210	1101242636712	1101242810619	1101163288572	1101162769956
7 p.m.	TIM	69	1101162490436	1101163127447	1101163686136	1101163110696	1101162770191	1101243314904	1101163655339	1101162807895	1101162624171	1101163323072	1101163128665	1101163179697	1101163685855	1101162862990	1101163922264	1101163341150	1101243184169	1101162981210	1101243160012	1101162468967	1101163019617	1101162966023	1101163044539	1101162523405	1101162805067	1101163146822	1101242473477	1101163497416	1101163287775	1101163795590	1101163110431	1101162948382	1101163162244	1101243029230	1101162805535	1101163045305	1101163574541	1101162539655	1101162769722	1101163611869	1101163685386	1101163574307	1101242809166	1101163429135	1101163109962	1101243007918	1101163251916	1101163557291	1101243445780	1101163775825	1101163794622	1101163268260	1101242808401	1101163409104	1101163180447	1101243030012	1101162787676	1101163477932	1101162622499	1101163161541	1101163288338	1101163685620	1101242962308	1101163342119	1101242787244	1101242919823	1101163234416	1101243072871	1101163725871
7 p.m. Friday night	TIM	2	1101163073040	1101163637917
7 p.m. Saturday evening	TIM	1	1101163574541
7-9 p.m.	TIM	1	1101163725871
8 : 00 p.m.	TIM	1	1101163444463
8 : 30 a.m.	TIM	6	1101242430414	1101162805067	1101162452451	1101163758902	1101243512311	1101242809401
8 : 30 p.m.	TIM	3	1101163922264	1101242985855	1101163214479
8 : 45 p.m.	TIM	4	1101163110696	1101162881756	1101163198369	1101163072508
8 a.m.	TIM	30	1101163073040	1101163686136	1101163110696	1101163429135	1101163215291	1101163612135	1101163268541	1101163637713	1101163179697	1101163128665	1101163794622	1101163775309	1101163268260	1101163706824	1101163922264	1101162981210	1101243030012	1101162966023	1101163574010	1101162805067	1101162523405	1101163215807	1101163477932	1101163497416	1101162806317	1101163197385	1101162945882	1101163357229	1101163234416	1101243512030
8 a.m. Thursday morning	TIM	1	1101163128415
8 a.m. Wednesday morning	TIM	1	1101163073040
8 p.m.	TIM	66	1101162490436	1101163073040	1101162452451	1101243074777	1101163110696	1101163045774	1101163869076	1101163072805	1101163375119	1101163323072	1101163268541	1101163179697	1101163128665	1101163340900	1101162862990	1101163922264	1101163145259	1101163289088	1101163198369	1101162981210	1101243160012	1101162539420	1101163162978	1101162691376	1101162966023	1101163574010	1101163390822	1101163340400	1101163833669	1101163497416	1101243358514	1101163287775	1101163252385	1101163595994	1101163702824	1101243577468	1101162805535	1101163307791	1101163574541	1101163594994	1101243512311	1101243533312	1101242385820	1101162488733	1101163477635	1101242809166	1101242766682	1101163477338	1101243030246	1101163268260	1101163794622	1101162966523	1101243446514	1101163409104	1101163444463	1101163180447	1101163706824	1101163477932	1101242679416	1101162622499	1101243555624	1101242962308	1101162981445	1101163215025	1101163234416	1101242586149
9 : 00 a.m.	TIM	1	1101163444463
9 : 30 a.m.	TIM	17	1101162966023	1101163477932	1101163686136	1101163614526	1101243228107	1101242786963	1101163477338	1101163128665	1101163268260	1101163794622	1101242787244	1101162505686	1101163922264	1101162981210	1101163234416	1101162539420	1101243072871
9 : 30 p.m.	TIM	2	1101163702824	1101243228341
9 a.m.	TIM	29	1101162490436	1101162488733	1101163477635	1101163073040	1101163686136	1101163110696	1101163429135	1101242767400	1101162539889	1101163072805	1101163251916	1101163427463	1101163268541	1101162606983	1101163145259	1101163198369	1101243160012	1101163289557	1101162691376	1101163044539	1101162805067	1101163215807	1101163497416	1101163045071	1101162805535	1101163574541	1101243533312	1101242586149	1101163358291
9 p.m.	TIM	11	1101162981445	1101163445432	1101162805535	1101163833669	1101163215291	1101162862990	1101163002039	1101163127181	1101162863724	1101243030012	1101242635447
Early morning	TIM	1	1101162806317
Last night	TIM	9	1101243250247	1101242854448	1101242496477	1101163637135	1101242941448	1101162452967	1101242497211	1101242743385	1101162788176
Noon	TIM	14	1101162966023	1101163903826	1101162605749	1101163702542	1101163477932	1101243074309	1101162982898	1101163128665	1101163869810	1101163268260	1101163794622	1101163521213	1101163922264	1101162981210
This morning	TIM	12	1101163776559	1101162850912	1101163127681	1101242453320	1101163905029	1101243336748	1101162982195	1101243160247	1101163373432	1101242657853	1101243512780	1101162506405
afternoon	TIM	45	1101243249513	1101162787426	1101162541092	1101163340635	1101242613071	1101162539889	1101162523123	1101162949913	1101242543758	1101243469077	1101243249779	1101163085368	1101163408635	1101242986324	1101162642891	1101163289322	1101163359025	1101163851247	1101162524451	1101242809401	1101163636901	1101242635978	1101243116293	1101162805067	1101162623437	1101163234135	1101162540358	1101243139934	1101162982664	1101242808698	1101162523936	1101162707205	1101163162478	1101163004554	1101162622218	1101242786744	1101163795122	1101162504873	1101163145009	1101243031215	1101243511561	1101163611869	1101163373682	1101163834638	1101243315607
early Sunday morning	TIM	1	1101163214197
early evening	TIM	1	1101243532358
early morning	TIM	2	1101163215807	1101162964773
evening	TIM	36	1101242985121	1101242853979	1101163686136	1101163110696	1101163308260	1101162640781	1101242918886	1101162624171	1101163198604	1101162489686	1101163023617	1101162862990	1101242832932	1101163145259	1101162642891	1101243248560	1101162686673	1101162902913	1101162642047	1101162770425	1101163306213	1101163477932	1101162690611	1101163146822	1101243358514	1101163215525	1101163234885	1101242586384	1101162622499	1101163161541	1101242497446	1101163556822	1101163215025	1101162769722	1101163234416	1101162788176
following night	TIM	1	1101163685386
four a.m.	TIM	1	1101163941114
last night	TIM	73	1101242809682	1101242766213	1101163557057	1101242452461	1101163461838	1101163340119	1101242496477	1101163390588	1101163794340	1101163146588	1101243117496	1101242745182	1101243423983	1101162523701	1101242918886	1101243204606	1101242940152	1101242941183	1101162452967	1101163253588	1101162470951	1101163870045	1101242544227	1101242473477	1101242474461	1101243052574	1101243402030	1101242385007	1101163019147	1101163045305	1101243007136	1101243029527	1101163613791	1101242920558	1101162787426	1101242407742	1101242497211	1101243227372	1101242939886	1101242810619	1101242585446	1101242678462	1101163272650	1101163198604	1101163853419	1101242517805	1101163655636	1101242453320	1101163268775	1101162622734	1101162642656	1101162808754	1101242808932	1101243030012	1101162686673	1101163836903	1101163939920	1101243358748	1101243423217	1101162606233	1101242918339	1101242941448	1101242586384	1101243183466	1101163519041	1101163231244	1101242518040	1101243314654	1101163637135	1101242474695	1101242384148	1101163373682	1101162788176
late Friday morning	TIM	1	1101242832932
late afternoon	TIM	3	1101243402983	1101242518821	1101162469467
late in Saturday night	TIM	1	1101162770425
late night	TIM	1	1101162489201
late yesterday afternoon	TIM	1	1101243336748
midnight	TIM	5	1101163109228	1101163905029	1101242808932	1101243445780	1101163234416
morning	TIM	67	1101242452461	1101163198088	1101163073040	1101162881990	1101243249263	1101162949913	1101163905264	1101243052809	1101242543758	1101163776059	1101163427463	1101243161481	1101163214197	1101242897901	1101243094981	1101163216322	1101163520010	1101163288807	1101242656103	1101162642281	1101162643125	1101243556874	1101162947866	1101162903881	1101162469717	1101243358514	1101163215525	1101163614526	1101243052340	1101162808317	1101163503854	1101243534062	1101243270310	1101162904350	1101163408135	1101163504557	1101163613791	1101163921248	1101243533077	1101162687032	1101162505139	1101162948851	1101162489201	1101163127181	1101163308260	1101163938951	1101243445780	1101242585446	1101242786963	1101242430414	1101162489686	1101163290072	1101162522623	1101243445311	1101243051355	1101162691111	1101163656104	1101163904326	1101163045071	1101163180197	1101162902397	1101242896917	1101163341385	1101162965273	1101243512030	1101162506405	1101242518555
next morning	TIM	2	1101163556822	1101243532358
night	TIM	239	1101163557057	1101242766213	1101163478463	1101163110696	1101163044055	1101243423983	1101242564821	1101242385523	1101242658119	1101242543258	1101163636901	1101242385289	1101163253588	1101163834872	1101242544227	1101242519790	1101163757902	1101243050855	1101163497416	1101163637917	1101163128415	1101162607702	1101242385007	1101162454123	1101163072508	1101242766447	1101163870279	1101242386554	1101163685386	1101163235119	1101162690861	1101242788244	1101242809166	1101162688673	1101242407742	1101162489920	1101242939886	1101243358264	1101162904553	1101162642656	1101162879397	1101242854917	1101162606483	1101242919120	1101163595729	1101163109462	1101243358748	1101243250247	1101162606233	1101242678228	1101163163213	1101163904092	1101163904326	1101162862584	1101242636431	1101163462557	1101242430883	1101163614026	1101243117246	1101162707799	1101162788676	1101162770925	1101243294123	1101163358525	1101163020102	1101243006433	1101242496477	1101243338264	1101162641047	1101162607218	1101162768659	1101163045539	1101162433811	1101242431383	1101163233666	1101162709002	1101163145259	1101243007636	1101243005964	1101163870045	1101243094512	1101163392150	1101162540858	1101163833669	1101242473477	1101162708267	1101243272122	1101243401795	1101163231479	1101162454389	1101163443494	1101163044289	1101163613791	1101163611869	1101243315607	1101162787426	1101243116793	1101163110196	1101243490296	1101163127181	1101242962792	1101242832932	1101242962074	1101163760168	1101243181966	1101163905029	1101163888138	1101163590416	1101162903647	1101163045071	1101242406976	1101163375354	1101162524686	1101163306447	1101242386054	1101242497446	1101163216557	1101242384148	1101162641516	1101162539108	1101163759934	1101243161950	1101242743385	1101243162184	1101163794340	1101163703058	1101243380029	1101242406742	1101242940152	1101162452967	1101242407492	1101242386320	1101242677650	1101162453186	1101163146822	1101162469951	1101242587149	1101243402030	1101243137918	1101163252385	1101163775543	1101163045305	1101163853185	1101243073559	1101243160715	1101242920558	1101162489201	1101163636667	1101243444842	1101242657134	1101242678462	1101242451430	1101242517805	1101163655636	1101242808401	1101162622734	1101163043821	1101163108478	1101242808932	1101243030012	1101163939920	1101163390354	1101162881272	1101243446764	1101162770425	1101242918339	1101242941448	1101162981445	1101163637135	1101243358045	1101242430180	1101242919823	1101162505451	1101242475414	1101162903381	1101163288057	1101243489343	1101163073040	1101243116559	1101163391338	1101243314904	1101162769488	1101243511077	1101243380264	1101163573713	1101242876979	1101162851927	1101243138731	1101242586665	1101243073106	1101163614291	1101163922764	1101163939670	1101163306213	1101243423452	1101242474461	1101242543493	1101242743650	1101243511327	1101242942511	1101243403233	1101163520244	1101162788910	1101243007136	1101162470201	1101242614806	1101163252650	1101163870513	1101243051840	1101243338029	1101242496711	1101243138543	1101163557291	1101243095965	1101163686605	1101163793294	1101163775825	1101162770691	1101243489577	1101163704527	1101162490186	1101242429133	1101162642047	1101242831682	1101242787729	1101242429430	1101163161541	1101242833151	1101242855417	1101163178994	1101162707205	1101163656573	1101242615040	1101163231244	1101242518040	1101162641281	1101242474695	1101162607468	1101163234416
noon	TIM	53	1101163073040	1101163686136	1101163268541	1101163128665	1101163356713	1101163023617	1101162862990	1101243006668	1101163289088	1101163922264	1101163341150	1101163341854	1101163198369	1101162981210	1101162691376	1101162966023	1101163834872	1101162523405	1101163215807	1101163390822	1101163146822	1101162769191	1101163197385	1101162948382	1101162805535	1101163424838	1101163307791	1101162881756	1101243512311	1101162769722	1101242656634	1101243272357	1101163612135	1101163636385	1101243469077	1101243445780	1101242786963	1101242451430	1101163268260	1101163794622	1101163180447	1101163706824	1101163504322	1101242636712	1101243490046	1101163702542	1101163477932	1101162540358	1101162981445	1101242497446	1101163199760	1101163234416	1101243270826
one am	TIM	1	1101163356713
this afternoon	TIM	2	1101163905029	1101163904326
this evening	TIM	2	1101242612790	1101243118512
this morning	TIM	25	1101242452461	1101243162184	1101243511796	1101243444577	1101163557525	1101242876979	1101163776559	1101242430414	1101242453320	1101162686673	1101163374885	1101163019617	1101242453570	1101243336748	1101163904326	1101163373432	1101243052574	1101163072508	1101163357697	1101163199525	1101243534062	1101162504873	1101163019852	1101243051605	1101242518555
